DATE,"Job Title",Company,Website,Industry,Salary,Remote,AREA,City,State,"Zip Code"
2022-03-15,"Executive Assistant",BlueConic,blueconic.com,"Information Technology & Services",,Remote,,"Hybrid remote in Boston",MA,""
2022-03-16,"Executive Assistant","Pardes Biosciences",,,,Remote,,"Remote in Boston",MA,""
2022-03-15,"Account Executive, Amazon Business","Amazon.com Services LLC",amazon.com,Internet,,,,Boston,MA,""
2022-03-17,"Head of Social Media, US & Europe","John Hancock",johnhancock.com,"Financial Services",,,,Boston,MA,""
2022-03-17,"National Director, Leadership Giving (Remote)","JDRF International",jdrf.org,Fund-Raising,,Remote,,"Remote in Boston",MA,""
2022-03-17,"PRINCIPAL OF THE MANVILLE SCHOOL",Maaps,maaps.org,"Nonprofit Organization Management","$120,000 - $150,000 a year",,,Boston,MA,""
2022-03-17,"Private Client Manager II","Bank of America",appianrx.com,"Hospital & Health Care",,,"Downtown area",Boston,MA,"02110"
2022-03-17,"Complex Claims Director, Commercial Property Claims (MA, NJ,...",AIG,aig.com,Insurance,,,,Boston,MA,""
2022-03-16,"Director, Growth Initiatives (BCDC)",PayPal,paypal.com,Internet,,Remote,,"Remote in Boston",MA,"02110"
2022-03-15,"Vice President, International and Specialized Services","Brigham & Women's Hospital(BWH)",brighamandwomens.org,"Hospital & Health Care",,,"Mission Hill area",Boston,MA,"02115"
2022-03-15,"Associate Director, Account Medical Advisor Northeast Region...","Boehringer Ingelheim",diaz@boehringer-ingelheim.com,,,,,Boston,MA,""
2022-03-15,"Director, Center for Applied Pediatric Quality Analytics","Boston Children's Hospital",childrenshospital.org,"Hospital & Health Care",,,,Boston,MA,""
2022-03-17,"Inventory Planning Manager","The Boston Beer Company",bostonbeer.com,"Food & Beverages",,,,Boston,MA,""
2022-03-16,"Head of WTG (Hybrid Work Schedule)","EDP Renewables North America",edpr.com,"Renewables & Environment",,Remote,,"Hybrid remote in Boston",MA,"02109"
2022-03-15,"Strategic Channel Manager (East Coast, Midwest, West Coast),...",Workday,workday.com,"Computer Software",,,"Downtown area",Boston,MA,"02110"
2022-03-16,"Associate Director, User Experience and Operations","Berklee College of Music",berklee.edu,Music,,,"Fenway area",Boston,MA,"02215"
2022-03-15,"MD, Head of Portfolio Management","Berkshire Residential Investments",,,,,"Back Bay-Beacon Hill area",Boston,MA,"02108"
2022-03-17,"National Director, Leadership Giving",JDRF,jdrf.org.uk,"Nonprofit Organization Management",,,,Boston,MA,""
2022-03-17,"Director of the Center for Biomedical System Design/New Drug...","Tufts Medical Center Physicians Organization",,,,,"Chinatown area",Boston,MA,"02111"
2022-03-15,"Associate Director, Hospital Equity and Accountability Proje...","Community Catalyst",communitycatalyst.org,"Public Policy","$75,000 - $85,000 a year",,"Downtown area",Boston,MA,"02110"
2022-03-17,"Chief Purchasing Agent I","Gilbane Development Company",,,,,"South Boston area",Boston,MA,"02210"
2022-03-15,"Director of Donor Relations","Boston Symphony Orchestra",bso.org,"Performing Arts",,,,Boston,MA,""
2022-03-17,"Assistant Director / 40 Hour / Day / BWH Engineering","Brigham & Women's Hospital(BWH)",brighamandwomens.org,"Hospital & Health Care",,,"Mission Hill area",Boston,MA,"02115"
2022-03-15,"Director, Event Marketing",Immuta,immuta.com,"Computer Software",,,,Boston,MA,""
2022-03-15,"Principal Tech. Program Mgr, Sales Engagement and Productivi...","Amazon.com Services LLC",amazon.com,Internet,,,,Boston,MA,""
2022-03-16,"Project Manager",DTCC,dtcc.com,"Financial Services",,Remote,,"Hybrid remote in Boston",MA,"02210"
2022-03-17,"Manager, US Talent Service (TS) Operations",Deloitte,deloitte.com,"Management Consulting",,,"Back Bay area",Boston,MA,"02116"
2022-03-17,"VP, Claims",Berkley,berkley-fishing.com,Internet,,,"Downtown Crossing area",Boston,MA,"02110"
2022-03-16,"North American Strategic Pursuit Manager","RSM US LLP",rsmus.com,Accounting,,Remote,,"Remote in Boston",MA,"02129"
2022-03-17,"Technical Lead","EDP Renewables North America",edpr.com,"Renewables & Environment",,,"Central area",Boston,MA,"02109"
2022-03-15,"Director, Reporting and Analysis, Real Estate",Manulife,manulife.com,"Financial Services",,,"Back Bay area",Boston,MA,"02116"
2022-03-16,"Director, Transport & Equipment / 40 hours / Days / Patient...","Brigham & Women's Hospital(BWH)",brighamandwomens.org,"Hospital & Health Care",,,"Mission Hill area",Boston,MA,"02115"
2022-03-17,"Associate Director, Regulatory Strategy - Alpha-1 Antitrypsi...","Vertex Pharmaceuticals",vrtx.com,Biotechnology,,Remote,,"Hybrid remote in Boston",MA,"02110"
2022-03-15,"Converse, Design Director - Energy & Closer to Market Appare...",Converse,converse.com,"Apparel & Fashion",,,"Back Bay area",Boston,MA,"02116"
2022-03-15,"Private Equity Finance Analyst with accounting and tax exper...",Siemens,siemens.com,"Industrial Automation",,,"Central area",Boston,MA,"02110"
2022-03-16,"Area Vice President, Automotive",Salesforce,covidi.com,"Computer Software",,,"Back Bay area",Boston,MA,"02116"
2022-03-16,"Enterprise Account Manager - Remote",Clari,clari.com,"Computer Software",,Remote,,"Remote in Boston",MA,""
2022-03-16,"Service Design Director",Humana,humana.com,"Health, Wellness & Fitness",,,"South Boston area",Boston,MA,"02210"
2022-03-15,"Director of Gift Planning","Boston Symphony Orchestra",bso.org,"Performing Arts",,,,Boston,MA,""
2022-03-16,"Associate Controller","Northeastern University",northeastern.edu,"Higher Education",,,,Boston,MA,""
2022-03-16,"IAM Consulting Manager",Accenture,cazoodle.com,"Computer Software",,,,Boston,MA,""
2022-03-15,"Director, Business Development (Hybrid)","Insulet Corporation",insulet.com,"Medical Devices",,Remote,,"Hybrid remote in Boston",MA,""
2022-03-15,"1746: NA M+C Talent Brand Lead",Accenture,cazoodle.com,"Computer Software",,,,Boston,MA,""
2022-03-15,"Associate Scientific Director, CMC","Takeda Pharmaceutical",takedajobs.com,Pharmaceuticals,,,,Boston,MA,""
2022-03-16,"Director, AI Solutions Factory & Residency Program","Northeastern University",northeastern.edu,"Higher Education",,,,Boston,MA,""
2022-03-17,"Director of Specialty Pharmacy Operations CHS-Wausau, WI","Boston Medical Center",bmc.org,"Hospital & Health Care",,,"South Boston area",Boston,MA,"02118"
2022-03-17,"Architectural Project Manager",Socotec,socotec.co.uk,"Environmental Services",,,"South Boston area",Boston,MA,"02127"
2022-03-17,"Associate Director, SQS Programming","Takeda Pharmaceutical",takedajobs.com,Pharmaceuticals,,,,Boston,MA,""
2022-03-16,"Global Accounts Territory Ecosystem Lead (TEL) - Opportunity...",VMware,thebrunswicknews.com,Newspapers,,Remote,,"Remote in Boston",MA,""
2022-03-17,"Partner Manager, Global Systems Integrators (GSIs)","Secure Code Warrior",securecodewarrior.com,"Information Technology & Services",,,,Boston,MA,""
2022-03-15,"Director, Regulatory Affairs Advertising Promotion - Remote...","Vertex Pharmaceuticals",vrtx.com,Biotechnology,,Remote,,"Remote in Boston",MA,"02110"
2022-03-16,"Head of Engineering","Publicis Sapient",publicissapient.com,"Information Technology & Services",,,"Downtown area",Boston,MA,"02109"
2022-03-17,"Computational Science Lead","Sanofi US",,,,,,Boston,MA,""
2022-03-16,"VP of Marketing","Paperless Parts",paperlessparts.com,"Computer Software",,,"West End area",Boston,MA,"02114"
2022-03-16,"Director/Associate Director, Global Regulatory Affairs - Rar...","Takeda Pharmaceutical",takedajobs.com,Pharmaceuticals,,,,Boston,MA,""
2022-03-15,"Associate Director, Cell Therapy Manufacturing Operations","Vertex Pharmaceuticals",vrtx.com,Biotechnology,,,"Downtown Crossing area",Boston,MA,"02110"
2022-03-15,"Manager, HPCS Regional Marketing, Americas, CMD","Thermo Fisher Scientific",rwenpower.com,,,Remote,,"Remote in Boston",MA,""
2022-03-15,"User Experience Researcher, Expert",SAP,sap.com,"Information Technology & Services",,,"Central area",Boston,MA,"02109"
2022-03-17,"Principal Scientist, Director - Epidemiology",Merck,merck.ch,"Medical Practice",,,,Boston,MA,""
2022-03-17,"MuleSoft Product Marketing Director",Salesforce,covidi.com,"Computer Software",,,"Back Bay area",Boston,MA,"02116"
2022-03-15,"Principal Consultant, Incident Response (Remote - Northeast...",Mandiant,mandiant.com,"Information Technology & Services",,Remote,,"Remote in Boston",MA,""
2022-03-17,"Director, Global Lead Management and BDR Program - Opportuni...",VMware,thebrunswicknews.com,Newspapers,,,,Boston,MA,""
2022-03-16,"Principal Scientist Metrology, Qualification & Compliance","Vertex Pharmaceuticals",vrtx.com,Biotechnology,,,"Downtown Crossing area",Boston,MA,"02110"
2022-03-16,"Ecosystem Supplier Mangement Manager",Accenture,cazoodle.com,"Computer Software",,,,Boston,MA,""
2022-03-16,"National Director, Leadership Giving",JDRF,jdrf.org.uk,"Nonprofit Organization Management",,,,Boston,MA,""
2022-03-16,"Project Architect - Life Sciences","CBT/Childs Bertman Tseckares Inc.",cbtarchitects.com,"Architecture & Planning",,,,Boston,MA,"02129"
2022-03-17,"Alpha Services, Strategy & Execution Consultant","State Street",statestreet.com,"Financial Services",,,"Central area",Boston,MA,"02111"
2022-03-15,"Cloud Enablement Director",Siemens,siemens.com,"Industrial Automation",,,,Boston,MA,""
2022-03-15,"Associate Director, SQS Programming","Takeda Pharmaceutical",takedajobs.com,Pharmaceuticals,,,,Boston,MA,""
2022-03-15,"IT Manager, Internal Audit","Massachusetts Port Authority",massport.com,"Government Administration",,,,Boston,MA,"02228"
2022-03-15,"Director of Business Development","Gupta Media",guptamedia.com,"Marketing & Advertising",,,"South End area",Boston,MA,"02116"
2022-03-17,"Director- In-House Counsel Recruiting","Major, Lindsey & Africa",mlaglobal.com,"Staffing & Recruiting",,,"Downtown area",Boston,MA,"02110"
2022-03-15,"Warehouse Director","Sysco New England",,,,,,Boston,MA,""
2022-03-17,"Director, Internal Audit-Hybrid","Commonwealth Care Alliance",commonwealthcarealliance.org,"Hospital & Health Care","$130,000 - $150,000 a year",,,Boston,MA,""
2022-03-15,"Oracle Financial BA/PM","Purple Drive Technologies",,,,,"Back Bay-Beacon Hill area",Boston,MA,"02108"
2022-03-16,"Director of Financial Reporting (Mutual Fund)","Dynamic Placement Services, LLC",connectdynamic.com,"Staffing & Recruiting","Up to $175,000 a year",Remote,,"Hybrid remote in Boston",MA,"02108"
2022-03-16,"Associate Director, Corporate Relations","Museum of Science",mos.org,"Museums & Institutions",,,"West End area",Boston,MA,"02114"
2022-03-17,"Regional Sales Leader","BrightView Landscape Services",brightview.com,"Facilities Services",,,,Boston,MA,""
2022-03-15,"Account Director, Paid Media","Gupta Media",guptamedia.com,"Marketing & Advertising",,,"South End area",Boston,MA,"02116"
2022-03-15,"Director Financial Planning & Analysis","TriMark USA",trimarkusa.com,Wholesale,,,,Boston,MA,"02101"
2022-03-17,"Rail Construction Superintendent","RailWorks Corporation",railworks.com,Construction,"$90,000 - $125,000 a year",,,Boston,MA,""
2022-03-15,"Product Manager, Experiences","Lever Implementation Training Environment",,,,,,Boston,MA,""
2022-03-15,"Chief Medical Director","Global Atlantic Financial Group Opportunities",,,,Remote,,"Remote in Boston",MA,""
2022-03-17,"Building Science Project Manager","RDH Building Science",,,,,"Downtown area",Boston,MA,"02108"
2022-03-17,"Director of Information Security",aptihealth,aptihealth.com,"Mental Health Care",,,"South Boston area",Boston,MA,"02210"
2022-03-15,"Client Director, Mid-Atlantic Region","Duke Corporate Education",dukece.com,"Education Management",,,,Boston,MA,""
2022-03-16,"Commercial Sales Manager - NorthEast","SolarEdge Technologies Inc",solaredge.com,"Renewables & Environment",,,,Boston,MA,""
2022-03-16,"Vice President (VP) of Marketing & Communications","SOPHiA GENETICS",sophiagenetics.com,Biotechnology,,Remote,,"Hybrid remote in Boston",MA,"02116"
2022-03-15,"Associate Director, Hospital Equity and Accountability Proje...","Community Catalyst",communitycatalyst.org,"Public Policy","$75,000 - $85,000 a year",,"Downtown area",Boston,MA,"02110"
2022-03-15,"Oracle Financial BA/PM","Purple Drive Technologies",,,,,"Back Bay-Beacon Hill area",Boston,MA,"02108"
2022-03-15,"Associate Director of GMP Site Services",Abbvie,ssp.co.jp,Chemicals,,,,Worcester,MA,"01605"
2022-03-15,"GMP Metrology Manager",Abbvie,ssp.co.jp,Chemicals,,,,Worcester,MA,"01605"
2022-03-15,"Talent Acquisition Leader (Remote)","Raytheon Intelligence & Space",raytheonintelligenceandspace.com,"Defense & Space",,Remote,,"Remote in Cambridge",MA,"02138"
2022-03-15,"Director of Facilities Management","Harvard University",,,,,,Cambridge,MA,""
2022-03-16,"Director, IT Project Management Office",Intellia,,,,Remote,,"Remote in Cambridge",MA,"02139"
2022-03-17,"Associate Director, Regulatory Affairs Devices - Remote","Sanofi US",,,,Remote,,"Remote in Cambridge",MA,""
2022-03-17,"Director Product Marketing",ConcertAI,concertai.com,"Information Technology & Services",,,"West Cambridge area",Cambridge,MA,"02138"
2022-03-14,"Biomarker Therapeutic Area Lead/Biomarker Strategy",Novartis,,,,,"The Port area",Cambridge,MA,"02139"
2022-03-17,"Director, Clinical Scientist","Blueprint Medicines",,,,,"Cambridgeport area",Cambridge,MA,"02139"
2022-03-17,"Head of Digital Patient Innovation, Global Oncology","Takeda Pharmaceutical",takedajobs.com,Pharmaceuticals,,,"Cambridgeport area",Cambridge,MA,"02139"
2022-03-17,"Director / Head, Medical Technology & Analytics",Biogen,biogen.co.uk,"Renewables & Environment",,,,Cambridge,MA,""
2022-03-16,"Biochemistry Scientist - Vaccine","Sanofi US",,,,,,Cambridge,MA,""
2022-03-15,"Associate Director, FP&A",IPSEN,ipsen.com,Pharmaceuticals,,,"Kendall Square area",Cambridge,MA,"02142"
2022-03-15,"Software Architect - Payments",Salesforce,covidi.com,"Computer Software",,,,Cambridge,MA,""
2022-03-17,"Director Patient Services - Dupixent","Sanofi US",,,,,,Cambridge,MA,""
2022-03-17,"Computational Science Lead","Sanofi US",,,,,,Cambridge,MA,""
2022-03-15,"Tax Director","Blueprint Medicines",,,,,"Cambridgeport area",Cambridge,MA,"02139"
2022-03-17,"Device Regulatory Lead, Associate Director","Sanofi US",,,,,,Cambridge,MA,""
2022-03-16,"Field Medical Scientific Associate Director, Solid Tumor Onc...","Sanofi US",,,,,,Cambridge,MA,""
2022-03-17,"Associate Director of Biostatistics - Oncology",IPSEN,ipsen.com,Pharmaceuticals,,,"Kendall Square area",Cambridge,MA,"02142"
2022-03-16,"Associate Scientific Director/Scientific Director, Quantitat...","Takeda Pharmaceutical",takedajobs.com,Pharmaceuticals,,,"Cambridgeport area",Cambridge,MA,"02139"
2022-03-17,"Associate Director of Marketing","Weavr Health",weavrhealth.com,Biotechnology,,,,Cambridge,MA,"02140"
2022-03-15,"Manager, Contracts, IP & Legal Operations","CRISPR Therapeutics",crisprtx.com,Biotechnology,,,"Area IV area",Cambridge,MA,"02139"
2022-03-15,"Commercial Counsel",Biogen,biogen.co.uk,"Renewables & Environment",,,,Cambridge,MA,""
2022-03-17,"Associate Manager of Commercial Credit","Cambridge Trust Company",cambridgetrust.com,Banking,,,"West Cambridge area",Cambridge,MA,"02138"
2022-03-16,"Principal Regulatory Strategist (Contract)","Precision Life Sciences",precision-lifesciences.com,Pharmaceuticals,,,,Cambridge,MA,""
1970-01-01,"Manager, Software Engineering","Farm Credit Financial Partners",financialpartners.com,"Information Technology & Services",,,"Metro Center area",Springfield,MA,"01103"
2022-03-16,"Head of Applications","Health New England",healthnewengland.org,Insurance,,,"Metro Center area",Springfield,MA,"01144"
2022-03-16,"Head of Applications","Health New England",healthnewengland.org,Insurance,,,"Metro Center area",Springfield,MA,"01144"
